721181082759
249057303908
530738187171
558277309029
229511333371
452721879521
686416931513
940028570067
724550667147
772210891013
228355945345
931148949678
864158035158
411719258743
595674114219
903592656603
313475687525
211798994517
149067871551
204557241669
027665272830
979798152918
017711821736
180848532277
965399959605
327992012436
416146470564
601908156972
921418420178
206421388859
162209278530
289006340771
355793277327
833993827858
827435737285
006457684974
808946743178
952518105446
236700853579
681602078813
903303161598
376260972113
481358537355
972511978606
100383003552
540802557689
823168469574
422642855862
972162478176
311424516743
901077604716
667194658871
398604302450
918591173304
848716299024
817047914966
101226826568
359770811168
540001908472
780413885989
622962800088
824178086957
461919595203
205914836077
002299815368
148145616804
079942048471
429647712233
267611639932
398817220275
955993737748
754636591228
992191192190
853338027652
872492023251
014925985054
555950013381
446787262135
692107454143
584301132925
695466278144
585850612742
267234150254
962735181807
095002468349
632021230427
046592086754
327452809762
840035720928
712692650216
952972763063
351694374027
536579518266
509609627460
396670592127
173655169672
471402871110
398607477612
599664783936
964914728249
998955117697
094088737241
912163832014
681281139305
017186502814
906646438511
960087259259
233899539516
769929924226
377183079128
062631728815
930959042030
478206596632
856564636936
668732829599
842125342255
016422932639
658128229150
682990126253
927448851995
392435630377
562366874253
423942205704
256180161633
904582533886
574699208965
926826606882
013410302316
126748545673
336867635311
711000236829
883595888729
375781427119
387701674911
111976338251
501676423412
432433492196
972568628681
302915148855
400465076076
798148529937
209400713910
866404470544
074601193389
380825179105
315934199354
461859988729
408421926484
977176819795
481889601942
203633944693
877866632586
529060924755
677851903005
734667525806
716392196268
737698548035
073533498208
396064178801
399631907496
496007483730
009284990974
155604103201
933767377653
817733170346
792422390704
572935294936
921735971095
805168623592
580962331263
780401538408
474274898195
225436645729
362675119113
274195814380
522332112098
891820220850
032607026444
082548414607
933335373786
372307061186
231359273121
707779895013
457906440507
927932978227
875940561977
701278362214
094960521639
429835598790
294098710290
730217359033
716327360469
142677415217
513626758717
310617510053
144950649158
760140603951
200499342561
343019012764
388412800184
661900746722
181429380168
482797333706
059827853397
330372098554
226701551681
694178550247
001828153560
700801029195
821782235655
573125083657
605127516462
130508711383
116131936839
126757287246
564922371900
532392279252
633210092075
620904324056
952446468192
844495989191
894794620701
053386138651
542806757699
394281614970
881677976159
154039945500
340853289724
187785393284
947215805139
353493632065
296109619848
350076130989
366508555320
565066384763
258218644446
347681213285
783221482854
445078618200
317945566802
225331596489
312534830882
726968649510
319138494492
908860926388
274842939696
485558439215
720871512004
409082948149
802894742125
843654271191
277299462882
969856331492
390400999238
784161944987
673685151976
592675237348
428028940130
696895947131
230380025852
666107454921
651882453069
584729961605
535682526941
718598178708
108127284519
407606337627
528332505513
640002700783
153336702670
047983473785
407267468735
285307688094
707870944945
175227768737
721797513839
221683805754
761663907508
060703621303
982172379938
648313928803
016892489253
040143966887
304923575097
121906539657
282815029019
114873324372
311570221895
749958997308
566708075968
156802641183
681269135200
758779164674
242981480603
640143407454
674897970277
889867960443
312704838848
116629639614
385350130311
174022567711
608388892484
095605937036
746551503430
657151452205
229751862435
282942929690
330280882657
069683144907
251999198627
742611463990
640503562826
933899774856
841108009713
787246899036
665056538372
223347850394
760253566328
784397100973
940840451106
139540772474
734682336927
971898633926
632758238518
531431684471
481918978614
544479440106
982268867609
355038978362
795055767258
095158615962
463811826387
851651276244
316337638060
153519573077
590621791675
585787293946
612501823345
987481436616
594053500498
971493249816
977288724479
446053446134
499195219228
120984694994
186936522963
879492181159
382383921496
432712403602
317198999425
751580145757
451254993400
556497283222
572543425894
313065738057
523209803531
224730497538
926424373250
036456847894
528285118368
462021570377
073852122598
277794802508
402319401604
460390096379
925185216488
720169924629
575523275806
159301215666
687722029887
669161324180
960662475258
851821632623
424103745376
467264247588
503019425890
580019254891
801606126175
130946780166
526760771340
911796971897
065271493745
116307481980
314661746913
331075527137
875403239272
056688712588
982312879214
714059751665
327921918480
084588729931
984670807317
105336044200
676332378505
234557369333
144972717003
696994410213
059712167738
826007879242
769208728711
506842229339
925803117058
035827032446
224853211609
440966819090
940650741473
540386323674
463195276720
660392916461
083225462991
993647088155
822928812639
507569572700
862252227514
287398410540
378128017114
447765880133
501366888105
545141693356
320020480040
131623272730
739269928504
220073906011
256241079663
545159178696
085299548341
005726608153
228951279041
506386551765
544325556845
263304112324
546613810612
545553144442
669056617142
672419633263
895686761348
233537914494
482319760549
795990466712
080547009243
964236548665
824749598592
646171826572
682920424702
758094948964
456550951390
258227678499
136241045936
115291874233
802609147756
226876208551
052747330004
085497506761
455596422187
114177076607
295105533016
954104761650
324571477461
781086359129
968539454326
923483652484
824410800187
361545431989
629464923519
111683150184
764487256232
734273909072
481696734490
877863432714
815574979336
051277632049
067333053353
865879610575
211206136165
815108947182
797686663380
267004506754
571997033468
079035977688
601798785951
495752878194
393797578496
294340502915
203651317223
797921733571
141374887210
340494546321
237651967957
955277895424
942716221522
987141784719
071226256444
327233484895
537905972650
883032710081
924789931514
601925695512
143342956263
413349047836
757116726369
