808509189256
887159331331
490556186833
858794782306
798468746138
096325729711
316855947364
642564931769
802470518353
701817928106
437108077816
025727078043
618770449371
646452568262
521838890979
167007763612
845348865129
786864923196
783140281309
622476398661
864052216283
223034483760
699328204274
290803174459
639096053912
887442451874
820681922426
453273687557
498143878527
388558748891
490542553689
143519737735
002308457684
655722307725
970140052227
993733331369
808801678817
880209931756
510900918419
273303489490
017209450186
521355684623
892492664396
792968041062
411009003130
197876728484
714482703683
785066297136
307301483599
916039181475
123115673696
667338488081
702900313129
722625665776
722309256886
127945611009
862745326215
295962084557
216104318093
909851038038
222974280187
190600865823
705476885295
196550093980
498271363395
859844952170
641833606648
366117115452
681767205648
661503463398
360267236149
649641806422
741453363261
634637938126
419646219769
753359926418
916155704586
178702790252
241018121410
498931248652
216424594297
373433887989
413493866876
634489206457
896440709684
832657180057
193214882827
877192589584
379443357638
984139104032
346403482320
339263144151
142076488252
943624876634
994595567317
225996396585
208132770822
284682027096
856907020190
637305081660
554301122602
235156173676
518597254547
498046393676
105440106334
123973015802
721632313955
124898806985
738150099490
417796667689
163614878075
313762757638
020565403134
182975641590
855196446103
388886801319
169835249471
004143762059
123084916540
232562339935
657042690605
874798110721
291613279705
614894908346
085636012805
280361148189
367465990234
869565042112
208668005788
093616812058
930267172762
195232047756
816851840158
382237992450
895258281372
105804253943
949302826102
841700537736
083027459455
406098378360
006688351747
387189485263
496165707589
754991366061
302050687601
534353371153
698157751253
334041264340
520616947278
627862707043
937788454912
284770181456
026274214532
121165880524
551495719207
348377403840
188370929070
986762656922
655895253686
143800633957
210901055535
940352300984
589308599320
178195976363
273585354630
947478546700
560161834785
168680748305
500339065595
714029145852
049718125952
607213866308
737637688518
073810885693
675359852536
524737141356
466906679424
004439850729
581638847656
499357681338
329059491720
301690164657
902373887897
131850300278
726511136808
803525730362
017538033893
591092710429
130081298519
316806720046
699817383172
158028497702
984203678304
954748419901
020463065199
212236150657
254098038652
605185004695
441774162351
126428754660
867235197261
910190545508
242543933948
421075639783
817410550997
496778633075
955351203762
147330978406
832232122982
392447366877
689258732195
327183260941
498705117713
819652517355
166685231378
212464700922
562364557611
212560162292
213533050481
373819454250
428261632825
887097952203
513880834755
784670349058
750971507744
873199596379
845703211398
892466381870
709314184660
312038354874
432350116318
232730123067
098105803610
731295105806
169721703851
458733598832
096110286090
911346666517
991078164935
970159395269
162162824775
969807300124
317783221081
809800837835
830644949501
367462465127
058925418271
617237550978
898697765791
335598083050
594105564990
972638161322
772055305564
183009732582
603846475280
869916663248
803510277384
852168507363
504339353280
538573205654
732928546915
883039366481
868543306988
163308009383
805159946225
606863000829
853288555486
721145257606
761012370981
492560937601
739369857846
531418433459
075577347522
687304389544
052933162096
752968749190
752828909275
525623338558
700111279990
287570436147
199163501483
839627587290
894407838208
593194338000
864480761428
845962617673
082091665122
323647762733
045113389513
387393877744
103230224190
567354061484
004300624273
655770747019
175692274515
886128899703
974507992944
016324681153
101178329740
463140593165
391791360067
661681575850
763551020647
346964865176
713260407102
912048413981
646034582152
626346339404
524340662015
392643962362
136672582537
265559017951
159021464287
476829999273
468454892781
280540532058
422242410469
297225544869
697979386880
179594890171
668290216686
961695263556
106480532969
059544775797
245279456866
638727568686
132289917280
999249081826
619178664293
190312558148
356071478344
265248291640
629118645321
418888662677
158449188124
919091840403
556955929744
685109514185
864014679020
291016144425
229362885474
128144595595
715576964021
590990341600
117635510011
459330701701
286938105848
450081057276
683874973051
872787763730
468769944998
670994876716
792554900939
131493998152
153011961665
606682082925
961510252376
686309545603
627237024218
484577905790
047701448700
094492350055
437235639344
832647178454
540260603044
961354603263
105649237747
274820718951
637716221746
042613011398
067961956147
930799018385
831227735852
849720124973
352357012199
682639254814
505694008369
127045199637
301540130013
572817918093
678969025238
720525675919
314926492779
752080974347
983960202895
748853815266
929892706200
885186439075
238390885124
042842524905
809095602556
941163152718
344709492132
207752973711
512474521787
929685153129
582299479991
399084750673
139932933500
945897000509
860538210233
220445768141
936887158128
050622185638
714575289985
920478431085
858479760419
489332660254
958827081504
541837641939
221546302140
056345724516
039300787183
206713800371
471902241608
829996848169
765152025488
148067618602
715593570082
214730246912
808955341476
329480368494
466005201446
214698168851
749248347292
466073954989
942672839600
892522762030
685248494258
873049344644
329950956698
335989690318
817290798217
675301925137
956209849008
465398996512
105781205117
597465346617
382040759999
648122138508
984384799099
416976631553
357503151614
468830395105
298733807505
422617638364
084335408033
453066023596
096691331138
970726462968
833259330492
482815628948
697132488820
984397964608
351477493074
430742569063
401624942184
449841523349
543513880449
941836205975
749938331292
316028218376
046943863502
501195374987
856735103765
654964430821
634354198666
736042001132
261280155085
981398181091
214431012160
130922805085
556690843481
236401045397
376130551198
857273093277
557937981377
812467635906
579331826080
462744442026
127068866385
171656272490
318393299874
117232460294
406462448312
160860807655
986418571118
551500384409
979802764835
659486843554
873006232596
162966096502
489302572461
205826542603
761264254449
148999101380
391834676544
565152375393
483565515068
482857667175
